Normalized RMSE comparison (nrmse_range) versus output targets:
Uncontrolled: 0.061899687042437465
Controlled:   0.03849787690688966
