Normalized RMSE comparison (nrmse_range):
Uncontrolled: 0.061899687042437465
Controlled:   0.04113026876582405
