Normalized RMSE comparison (nrmse_range) versus output targets:
Uncontrolled: 0.06031065252386591
Controlled:   0.016247040897967524
