Normalized RMSE comparison (nrmse_range):
Uncontrolled: 0.061899687042437465
Controlled:   0.03242970952554827
